426,3
426,2
426,1
426,0
425,5
425,4
425,3
425,2
425,1
425,0
424,3
424,2
424,1
424,0
423,3
423,2
423,1
423,0
422,4
422,3
422,2
422,1
422,0
421,4
421,3
421,2
421,1
421,0
420,4
420,3
420,2
420,1
420,0
419,4
419,3
419,2
419,1
419,0
418,8
418,7
418,6
418,5
418,4
418,3
418,2
418,1
418,0
417,7
417,6
417,5
417,4
417,3
417,2
417,1
417,0
416,6
416,5
416,4
416,3
416,2
416,1
416,0
415,5
415,4
415,3
415,2
415,1
415,0
414,4
414,3
414,2
414,1
414,0
413,3
413,2
413,1
413,0
412,5
412,4
412,3
412,2
412,1
412,0
411,4
411,3
411,2
411,1
411,0
410,3
410,2
410,1
410,0
409,3
409,2
409,1
409,0
408,3
408,2
408,1
408,0
407,6
407,5
407,4
407,3
407,2
407,1
407,0
406,3
406,2
406,1
406,0
405,5
405,4
405,3
405,2
405,1
405,0
404,4
404,3
404,2
404,1
404,0
403,3
403,2
403,1
403,0
402,4
402,3
402,2
402,1
402,0
401,3
401,2
401,1
401,0
400,5
400,4
400,3
400,2
400,1
400,0
399,5
399,4
399,3
399,2
399,1
399,0
398,5
398,4
398,3
398,2
398,1
398,0
397,4
397,3
397,2
397,1
397,0
396,5
396,4
396,3
396,2
396,1
396,0
395,4
395,3
395,2
395,1
395,0
394,4
394,3
394,2
394,1
394,0
393,3
393,2
393,1
393,0
328,5
328,4
392,8
392,7
392,6
392,5
392,4
392,3
392,2
392,1
392,0
391,8
391,7
391,6
391,5
391,4
391,3
391,2
391,1
391,0
390,4
390,3
390,2
390,1
390,0
389,8
389,7
389,6
389,5
389,4
389,3
389,2
389,1
389,0
388,8
388,7
388,6
388,5
388,4
388,3
388,2
388,1
388,0
387,7
387,6
387,5
387,4
387,3
387,2
387,1
387,0
386,6
386,5
386,4
386,3
386,2
386,1
386,0
385,5
385,4
385,3
385,2
385,1
385,0
384,3
384,2
384,1
384,0
383,3
383,2
383,1
383,0
382,6
382,5
382,4
382,3
382,2
382,1
382,0
381,6
381,5
381,4
381,3
381,2
381,1
381,0
380,5
380,4
380,3
380,2
380,1
380,0
379,5
379,4
379,3
379,2
379,1
379,0
378,4
378,3
378,2
378,1
378,0
377,5
377,4
377,3
377,2
377,1
377,0
376,4
376,3
376,2
376,1
376,0
375,3
375,2
375,1
375,0
374,4
374,3
374,2
374,1
374,0
373,5
373,4
373,3
373,2
373,1
373,0
372,4
372,3
372,2
372,1
372,0
371,4
371,3
371,2
371,1
371,0
370,5
370,4
370,3
370,2
370,1
370,0
369,4
369,3
369,2
369,1
369,0
368,3
368,2
368,1
368,0
367,3
367,2
367,1
367,0
366,4
366,3
366,2
366,1
366,0
365,6
365,5
365,4
365,3
365,2
365,1
365,0
364,5
364,4
364,3
364,2
364,1
364,0
363,4
363,3
363,2
363,1
363,0
362,3
362,2
362,1
362,0
361,4
361,3
361,2
361,1
361,0
360,4
360,3
360,2
360,1
360,0
359,3
359,2
359,1
359,0
358,4
358,3
358,2
358,1
358,0
357,4
357,3
357,2
357,1
357,0
356,3
356,2
356,1
356,0
355,3
355,2
355,1
355,0
354,3
354,2
354,1
354,0
353,5
353,4
353,3
353,2
353,1
353,0
352,5
352,4
352,3
352,2
352,1
352,0
351,4
351,3
351,2
351,1
351,0
350,3
350,2
350,1
350,0
349,4
349,3
349,2
349,1
349,0
348,4
348,3
348,2
348,1
348,0
347,4
347,3
347,2
347,1
347,0
346,4
346,3
346,2
346,1
346,0
345,6
345,5
345,4
345,3
345,2
345,1
345,0
344,6
344,5
344,4
344,3
344,2
344,1
344,0
343,5
343,4
343,3
343,2
343,1
343,0
342,4
342,3
342,2
342,1
342,0
341,3
341,2
341,1
341,0
340,6
340,5
340,4
340,3
340,2
340,1
340,0
339,6
339,5
339,4
339,3
339,2
339,1
339,0
338,5
338,4
338,3
338,2
338,1
338,0
337,4
337,3
337,2
337,1
337,0
336,3
336,2
336,1
336,0
335,4
335,3
335,2
335,1
335,0
334,4
334,3
334,2
334,1
334,0
333,3
333,2
333,1
333,0
332,3
332,2
332,1
332,0
331,3
331,2
331,1
331,0
330,3
330,2
330,1
330,0
329,3
329,2
329,1
329,0
328,3
328,2
328,1
328,0
327,3
327,2
327,1
327,0
326,6
326,5
326,4
326,3
326,2
326,1
326,0
325,6
325,5
325,4
325,3
325,2
325,1
325,0
324,5
324,4
324,3
324,2
324,1
324,0
323,4
323,3
323,2
323,1
323,0
322,3
322,2
322,1
322,0
321,3
321,2
321,1
321,0
320,3
320,2
320,1
320,0
319,4
319,3
319,2
319,1
319,0
318,4
318,3
318,2
318,1
318,0
317,3
317,2
317,1
317,0
316,4
316,3
316,2
316,1
316,0
315,4
315,3
315,2
315,1
315,0
314,3
314,2
314,1
314,0
313,5
313,4
313,3
313,2
313,1
313,0
312,4
312,3
312,2
312,1
312,0
311,3
311,2
311,1
311,0
310,3
310,2
310,1
310,0
309,3
309,2
309,1
309,0
308,4
308,3
308,2
308,1
308,0
307,4
307,3
307,2
307,1
307,0
306,3
306,2
306,1
306,0
305,4
